7534912
7535027
7535028
7535029
7535030
7535187
7535188
7535189
7535190
7535191
7535357
7535358
7535433
7535444
7535445
7535446
7535447
7535448
7535449
7535450
7535451
7535452
7535453
7535454
7535455
7535456
7535457
7535458
7535459
7535460
7535461
7535462
7535463
7535464
7535465
7535466
7535467
7535483
7535484
7535485
7535486
7535487
7535488
7535489
7535490
7535491
7535492
7535493
7535494
7535495
7535496
7535497
7535498
7535499
7535500
7535501
7535502
7535503
7535538
7535539
7535540
7535541
7535542
7535543
7535544
7535545
7535546
7535547
7535548
7535549
7535550
7535551
7535552
7535553
7535554
7535555
7535556
7535557
7535558
7535559
7535560
7535561
7535562
7535563
7535564
7535565
7535566
7535567
7535568
7535569
7535570
7535571
7535572
7535573
7535574
7535575
7535576
7535577
7535578
7535579
7535580
7535581
7535582
7535583
7535584
7535585
7535586
7535587
7535588
7535589
7535590
7535591
7535592
7535593
7535594
7535595
7535596
7535597
7535598
7535599
7535600
7535601
7535602
7535603
7535604
7535605
7535606
7535607
7535608
7535609
7535610
7535611
7535612
7535613
7535614
7535615
7535616
7535617
7535618
7535619
7535620
7535621
7535622
7535623
7535624
7535625
7535626
7535627
7535628
7535629
7535630
7535631
7535632
7535633
7535634
7535635
7535636
7535637
7535638
7535641
7535642
7535643
7535644
7535645
7535646
7535647
7535648
7535649
7535650
7535651
7535652
7535653
7535654
7535655
7535656
7535657
7535658
7535659
7535660
7535661
7535662
7535663
7535664
7535665
7535666
7535668
7535669
7535670
7535671
7535672
7535673
7535674
7535675
7535676
7535802
7535940
7536096
7536097
7536098
7536099
7536100
7536101
7536102
7536103
7536104
7536105
7536106
7536107
7536108
7536109
7536110
7536111
7536112
7536113
7536114
7536115
7536116
7536118
7536119
7536120
7536121
7536122
7536123
7536124
7536125
7536126
7536127
7536128
7536129
7536130
7536131
7536132
7536133
7536134
7536135
7536136
7536137
7536138
7536139
7536140
7536141
7536142
7536143
7536144
7536145
7536146
7536147
7536148
7536149
7536150
7536151
7536152
7536228
7536229
7536230
7536231
7536232
7536233
7536234
7536235
7536236
7536237
7536238
7536239
7536240
7536241
7536467
7536921
7536923
7537107
7537236
7537479
7537480
7537481
7537482
7537483
7537484
7537485
7537486
7537487
7537488
7537489
7537490
7537491
7537492
7537493
7537494
7537495
7537496
7537497
7537498
7537499
7537500
7537501
7537502
7537844
7538222
7538632
7538633
7538634
7538842
7538964
7538965
7538966
7538967
7538973
7539139
7539140
7539141
7539142
7539143
7539144
7539145
7539146
7539147
7539148
7539149
7539150
7539151
7539153
7539154
7539155
7539156
7539157
7539158
7539159
7539160
7539161
7539162
7539163
7539164
7539205
7539243
7539244
7539274
7539326
7539417
7539537
7539579
7539580
7539581
7539582
7539588
7539799
7540061
7540063
7540198
7540199
7540200
7540201
7540202
7540203
7540358
7540439
7540666
7540667
7540668
7540669
7540670
7540671
7540672
7540673
7540674
7540675
7540676
7540677
7540678
7540679
7540680
7540681
7540682
7540683
7540684
7540685
7540686
7540687
7540688
7540689
7540690
7540691
7540692
7540714
7540715
7540716
7540717
7540718
7540719
7540720
7540721
7540722
7540723
7540724
7540725
7540726
7540727
7540728
7540729
7540730
7540731
7540732
7540733
7540734
7540735
7540736
7540737
7540738
7540739
7540740
7540741
7540742
7540743
7540744
7540745
7540746
7540747
7540748
7540749
7540750
7540751
7540752
7540753
7540754
7540755
7540756
7540757
7540758
7540759
7540760
7540761
7540762
7540763
7540764
7540765
7540766
7540767
7540768
7540769
7540770
7540771
7540772
7540773
7540774
7540775
7540777
7540778
7540779
7540780
7540781
7540782
7540783
7540784
7540785
7540786
7540787
7540788
7540789
7540790
7540791
7540792
7540793
7540794
7540795
7540796
7540797
7540798
7540799
7540800
7540801
7540802
7540803
7540804
7540805
7540806
7540807
7540808
7540809
7540810
7540811
7540812
7540813
7540814
7540815
7540816
7540817
7540818
7540819
7540820
7540821
7540822
7540823
7540824
7540825
7540826
7540827
7540828
7540829
7540830
7540831
7540833
7540834
7540835
7540836
7540837
7540838
7540839
7540840
7540841
7540842
7540843
7540844
7540845
7540846
7540847
7540848
7540849
7540850
7540851
7540852
7540853
7540854
7540855
7540856
7541524
7554911
7555355
7555356
7555434
7555435
7555436
7555437
7555438
7555439
7555440
7555441
7555442
7555443
7555444
7555445
7555500
7555501
7555502
7555553
7555554
7555555
7555556
7555557
7555558
7555559
7555560
7555561
7555562
7555563
7555564
7555565
7555566
7555567
7555568
7555569
7555570
7555571
7555572
7555573
7555574
7555576
7555577
7555578
7555579
7555580
7555581
7555582
7555583
7555584
7555585
7555586
7555587
7555588
7555589
7555590
7555591
7555592
7555593
7555594
7555595
7555596
7555597
7555598
7555599
7555600
7555601
7555602
7555603
7555604
7555621
7555622
7555623
7555624
7555625
7555626
7555627
7555628
7555629
7555630
7555631
7555632
7555633
7555634
7555635
7555636
7555637
7555638
7555639
7555640
7555641
7555642
7555643
7555644
7555645
7555646
7555647
7555648
7555649
7555650
7555651
7555652
7555653
7555654
7555655
7555656
7555657
7555658
7555659
7555676
7555677
7555678
7555679
7555680
7555681
7555682
7555683
7555773
7555878
7556036
7556037
7556155
7556285
7556519
7556596
7556597
7556598
7556599
7556600
7556601
7556880
7557063
7557064
7557065
7557066
7557067
7557068
7557069
7557070
7557092
7557093
7557094
7557095
7557096
7557097
7557098
7557099
7557100
7557101
7557102
7557103
7557104
7557105
7557106
7557107
7557108
7557109
7557356
7557357
7557358
7557359
7557360
7557361
7557362
7557363
7557364
7557365
7557366
7557367
7557368
7557369
7557370
7557371
7558802
7558803
7558819
7558863
7558864
7558865
7558866
7558867
7558868
7558869
7558870
7558918
7559104
7560231
7560243
7560412
7560804
7560805
7560806
7560807
7560930
7561007
7561022
7561094
7561095
7561096
7561097
7561098
7561099
7561100
7561101
7561102
7561103
7561104
7561105
7561106
7561107
7561108
7561109
7561110
7561111
7561112
7561113
7561114
7561115
7561116
7561117
7561118
7561119
7561120
7561121
7561122
7561123
7561124
7561125
7561126
7561127
7561128
7561129
7561130
7561131
7561132
7561134
7561135
7561137
7561138
7561139
7561140
7561141
7561142
7561143
7561144
7561145
7561146
7561147
7561148
7561149
7561150
7561151
7561152
7561153
7561154
7561155
7561156
7561157
7561158
7561159
7561160
7561161
7561162
7561163
7561164
7561165
7561166
7561167
7561168
7561169
7561170
7561171
7561172
7561694
7562203
7562744
7563184
7563185
7563186
7563187
7563188
7565631
7573891
7573892
7573893
7574756
7574762
7574763
7574948
7574949
7574950
7574951
7574952
7574953
7574954
7574955
7574956
7574957
7574958
7574959
7574960
7574961
7574962
7574963
7574964
7574965
7574966
7574967
7574968
7574969
7574970
7575044
7575045
7575047
7575048
7575049
7575050
7575051
7575052
7575053
7575054
7575055
7575056
7575057
7575058
7575059
7575060
7575061
7575062
7575195
7575196
7575197
7575198
7575199
7575200
7575201
7575202
7575203
7575204
7575205
7575206
7575207
7575208
7575209
7575210
7575211
7575212
7575213
7575214
7575215
7575216
7575217
7575218
7575219
7575220
7575221
7575222
7575223
7575224
7575225
7575226
7575227
7575228
7575229
7575230
7575231
7575232
7575233
7575234
7575235
7575236
7575237
7575238
7575239
7575240
7575241
7575242
7575243
7575244
7575245
7575246
7575247
7575248
7575249
7575250
7575251
7575252
7575253
7575254
7575255
7575256
7575257
7575258
7575259
7575260
7575261
7575262
7575263
7575341
7575342
7575343
7575344
7575345
7575346
7575347
7575348
7575349
7575350
7575417
7575418
7575419
7575420
7575421
7575422
7575427
7575428
7575429
7575430
7575431
7575432
7575433
7575434
7575435
7575436
7575437
7575438
7575628
7575897
7577398
7577399
7577400
7577477
7577510
7577511
7577512
7577513
7577514
7577515
7577516
7577517
7577518
7577519
7577520
7577521
7577522
7577523
7577524
7577525
7577526
7577662
7577663
7577664
7577927
7578011
7578012
7578166
7578167
7578168
7578169
7578170
7578171
7578197
7578220
7578445
7579049
7579233
7579234
7579265
7579266
7579441
7579951
7579952
7579953
7580008
7580009
7580010
7580011
7580012
7580013
7580014
7580015
7580017
7580018
7580019
7580020
7580021
7580022
7580023
7580024
7580025
7580026
7580027
7580028
7580029
7580030
7580031
7580032
7580033
7580034
7580035
7580036
7580037
7580038
7580039
7580040
7580041
7580042
7580043
7580044
7580045
7580046
7580047
7580048
7580049
7580050
7580051
7580052
7580053
7580054
7580055
7580056
7580057
7580058
7580059
7580060
7580061
7580062
7580063
7580064
7580065
7580066
7580067
7580068
7580069
7580070
7580071
7580072
7580073
7580074
7580075
7580076
7580077
7580078
7580079
7580080
7580081
7580082
7580083
7580085
7580086
7580087
7580088
7580089
7580090
7580091
7580092
7580093
7580094
7580095
7580096
7580098
7580099
7580100
7580101
7580102
7580103
7580104
7580105
7580106
7580108
7581135
7581160
7581161
7582584
7594800
7594801
7595198
7595243
7595244
7595247
7595248
7595249
7595250
7595251
7595252
7595256
7595257
7595258
7595259
7595260
7595261
7595262
7595263
7595264
7595265
7595266
7595267
7595268
7595269
7595270
7595271
7595272
7595273
7595274
7595275
7595276
7595278
7595279
7595280
7595281
7595282
7595283
7595284
7595285
7595286
7595287
7595288
7595289
7595290
7595291
7595292
7595293
7595294
7595295
7595296
7595297
7595298
7595299
7595300
7595301
7595302
7595303
7595304
7595305
7595306
7595307
7595308
7595309
7595310
7595311
7595312
7595313
7595314
7595315
7595316
7595317
7595318
7595319
7595320
7595321
7595322
7595323
7595324
7595325
7595326
7595327
7595328
7595329
7595330
7595331
7595332
7595333
7595334
7595335
7595478
7595479
7595480
7595481
7595482
7595483
7595484
7595485
7595486
7595743
7595744
7595745
7595746
7595747
7595797
7595798
7595799
7595800
7595801
7595802
7595803
7595804
7595805
7595885
7595998
7595999
7596000
7596001
7596002
7596003
7596004
7596005
7596006
7596007
7596008
7596009
7596010
7596011
7596012
7596013
7596014
7596113
7596724
7596725
7596726
7596901
7596902
7597064
7597065
7597066
7597067
7597068
7597069
7597070
7597560
7597716
7597788
7597789
7597790
7597791
7597792
7597793
7597794
7597795
7597796
7598106
7598107
7598365
7598628
7599374
7599407
7599658
7599659
7599660
7599661
7599662
7599663
7599664
7599665
7599666
7599667
7600153
7600598
7600599
7600600
7600601
7600602
7600603
7600604
7600605
7600606
7600607
7600608
7600609
7600610
7600611
7600612
7600613
7600614
7600615
7600616
7600617
7600618
7600619
7600620
7600621
7600622
7600623
7600624
7600625
7600626
7600627
7600628
7600629
7600630
7600631
7600632
7600633
7600634
7600635
7600636
7600637
7600638
7600639
7600640
7600641
7600642
7600643
7600644
7600645
7600646
7600647
7600648
7600649
7600650
7600651
7600652
7600653
7600654
7600655
7600656
7600657
7600658
7600659
7600660
7600661
7600662
7600663
7600664
7600665
7600666
7600667
7600668
7600669
7600670
7600671
7600672
7600673
7600674
7600675
7600676
7600677
7600995
7600996
7600997
7600998
7600999
7601000
7601001
7614503
7614504
7614505
7614520
7614521
7614522
7614523
7614524
7614525
7614526
7614527
7614528
7614529
7614530
7614531
7614532
7614533
7614534
7614535
7614536
7614537
7614538
7614539
7614540
7614541
7614542
7614543
7614544
7614545
7614546
7614547
7614548
7614549
7614550
7614551
7614552
7614553
7614554
7614555
7614556
7614557
7614558
7614559
7614560
7614561
7614562
7614563
7614564
7614565
7614566
7614567
7614568
7614569
7614570
7614571
7614572
7614573
7614574
7614575
7614576
7614577
7614578
7614579
7614580
7614581
7614585
7614586
7614587
7614588
7614589
7614590
7614591
7614592
7614593
7614594
7614608
7614609
7614691
7614693
7614694
7614695
7614696
7614733
7614772
7614773
7614827
7615127
7615174
7615175
7615176
7615177
7615178
7615179
7615180
7615181
7615182
7615183
7615195
7615196
7615197
7615198
7615199
7615200
7615201
7615202
7615203
7615204
7615205
7615206
7615207
7615208
7615209
7615210
7615211
7615212
7615213
7615214
7615215
7615216
7615217
7615270
7615279
7615354
7615407
7615408
7615409
7615410
7615411
7615412
7615413
7615414
7615415
7615416
7615417
7615418
7615419
7615420
7615421
7615422
7615423
7615424
7615425
7615426
7615427
7616416
7616418
7616419
7616420
7616421
7616422
7616423
7616424
7616425
7616426
7616427
7616428
7616928
7617115
7617390
7617391
7617392
7617448
7617716
7617977
7618355
7618380
7618381
7618385
7618542
7618543
7618544
7618545
7618546
7618547
7618548
7618767
7618768
7618843
7618855
7619067
7619296
7619297
7619298
7619299
7619300
7619301
7619302
7619303
7619304
7619305
7619306
7619307
7619308
7619309
7619310
7619311
7619312
7619313
7619314
7619315
7619316
7619317
7619318
7619319
7619320
7619321
7619322
7619323
7619324
7619325
7619326
7619327
7619328
7619329
7619330
7619331
7619332
7619333
7619334
7619335
7619336
7619337
7619338
7619339
7619340
7619341
7619342
7619343
7619345
7619346
7619347
7619348
7619349
7619350
7619351
7619352
7619353
7619354
7619355
7619356
7619357
7619358
7619359
7619360
7619361
7619362
7619363
7619364
7619365
7619366
7619367
7619368
7619369
7619370
7619371
7619372
7619373
7619374
7619375
7619377
7619378
7619379
7619380
7619381
7619382
7619394
7619395
7619396
7619397
7619398
7619399
7619649
7620775
7620776
7621222
7622112
7622113
7622114
7622115
7622116
7622117
7622118
7622120
7631856
7631857
7631858
7631859
7631860
7631861
7631862
7631863
7631864
7631865
7632007
7632037
7632220
7632221
7632222
7632223
7632352
7632353
7632354
7632355
7632356
7632357
7632358
7632359
7632360
7632361
7632362
7632363
7632364
7632365
7632366
7632367
7632368
7632369
7632370
7632371
7632372
7632373
7632374
7632375
7632376
7632377
7632378
7632379
7632380
7632381
7632382
7632383
7632384
7632385
7632386
7632387
7632467
7632468
7632469
7632470
7632471
7632472
7632473
7632474
7632475
7632595
7632596
7632597
7632598
7632599
7632600
7632601
7632602
7632603
7632604
7632605
7632606
7632607
7632608
7632609
7632610
7632623
7632624
7632625
7632626
7632627
7632628
7632629
7632630
7632631
7632632
7632633
7632634
7632635
7632636
7632637
7632638
7632640
7632641
7632658
7632659
7632660
7632661
7632662
7632663
7632664
7632665
7632666
7633309
7633310
7633370
7633610
7633694
7633697
7633698
7633700
7633701
7633702
7633703
7633704
7633705
7633706
7633707
7633708
7633709
7633710
7633711
7633712
7633713
7633714
7633715
7633716
7633717
7633718
7633719
7633720
7633721
7633722
7633723
7633724
7633725
7633726
7633727
7633728
7633729
7633730
7633731
7633732
7633733
7633734
7633735
7633736
7633737
7633738
7633739
7633740
7633741
7633742
7633743
7633744
7633745
7633746
7633747
7633748
7633749
7633750
7633751
7633752
7633753
7633754
7633755
7633756
7633757
7633758
7633759
7633760
7633761
7633762
7633763
7633764
7633765
7633766
7633767
7633768
7633769
7633770
7633771
7633772
7633773
7633774
7635933
7636263
7636506
7636507
7636508
7636509
7636582
7636583
7636584
7636633
7636637
7636643
7636644
7636746
7636832
7638489
7638505
7638506
7638507
7638843
7640063
7640064
7640369
7651603
7651604
7651605
7651606
7651607
7653400
7653401
7653402
7653403
7653404
7653405
7653406
7653407
7653408
7653409
7653440
7654693
7654694
7666698
7666699
7666753
7666754
7666755
7666756
7666757
7666758
7666759
7666760
7666761
7666784
7666785
7666786
7666787
7666788
7666789
7666790
7666791
7666792
7666793
7666827
7666828
7666829
7666830
7666831
7666832
7666833
7666834
7666835
7666836
7666837
7666838
7666839
7666840
7666863
7666864
7666865
7666866
7666867
7667009
7667027
7667028
7667029
7667030
7667031
7667032
7667033
7667034
7667035
7667036
7667037
7667038
7667039
7667040
7667041
7667042
7667043
7667044
7667045
7667046
7667047
7667048
7667049
7667050
7667051
7667052
7667053
7667054
7667055
7667056
7667058
7667059
7667060
7667061
7667062
7667063
7667064
7667065
7667066
7667067
7667068
7667069
7667070
7667071
7667072
7667073
7667074
7667075
7667076
7667077
7667078
7667079
7667080
7667081
7667082
7667083
7667084
7667085
7667086
7667087
7667088
7667089
7667090
7667091
7667092
7667093
7667094
7667095
7667096
7667097
7667098
7667099
7667100
7667101
7667102
7667103
7667104
7667105
7667106
7667107
7667108
7667109
7667110
7667111
7667112
7667113
7667114
7667115
7667116
7667117
7667118
7667119
7667120
7667121
7667477
7667478
7667479
7667480
7667481
7667482
7667483
7667484
7667485
7667486
7667487
7667488
7667489
7667490
7667493
7667494
7667640
7667641
7667642
7667643
7667644
7667645
7667646
7667647
7667648
7667649
7667650
7667651
7667652
7667653
7667654
7667655
7667656
7667657
7667658
7667659
7667660
7667661
7667662
7667663
7667664
7667665
7667666
7667667
7667668
7667669
7667670
7667671
7667672
7667673
7667674
7667675
7667676
7667677
7667678
7667679
7667680
7667681
7667682
7667683
7667684
7667685
7667686
7667687
7667688
7667689
7667690
7667691
7667692
7667693
7667694
7667695
7667696
7667697
7667698
7667699
7667700
7667701
7667702
7667703
7667704
7667705
7667706
7667707
7667708
7667879
7667919
7667932
7667933
7667934
7667935
7667936
7667937
7667938
7667939
7667940
7667941
7667942
7667943
7667944
7667945
7667946
7667974
7667975
7667976
7667977
7667978
7667979
7667980
7667981
7667982
7667983
7667984
7667985
7667986
7667987
7667988
7667989
7667990
7667991
7667992
7667993
7667994
7667995
7667996
7667997
7667998
7667999
7668000
7668001
7668002
7668003
7668004
7668005
7668006
7668007
7668008
7668009
7668010
7668011
7668012
7668014
7668016
7668017
7668018
7668019
7668020
7668021
7668022
7668023
7668024
7668025
7668026
7668369
7668516
7669488
7669489
7669490
7669491
7669492
7669493
7669494
7669495
7669496
7669497
7669498
7669499
7669511
7669514
7669515
7669703
7669704
7669705
7669809
7669810
7669811
7669812
7669813
7669814
7669815
7669816
7669817
7669818
7669819
7669863
7670090
7670091
7670346
7670371
7670841
7670870
7671153
7671156
7671157
7671158
7671191
7671192
7671215
7671216
7671217
7671218
7671219
7671220
7671221
7671222
7671223
7671224
7671225
7671226
7671227
7671228
7671229
7671230
7671231
7671232
7671233
7671234
7671235
7671236
7671237
7671238
7671239
7671240
7671241
7671242
7671243
7671244
7671245
7671246
7671247
7671248
7671249
7671250
7671251
7671252
7671253
7671254
7671255
7671257
7671258
7671259
7671260
7671261
7671262
7671263
7671264
7671265
7671266
7671267
7671268
7671269
7671270
7671271
7671272
7671273
7671274
7671275
7671276
7671277
7671278
7671279
7671280
7671281
7671282
7671283
7671284
7671285
7671286
7671287
7671288
7671289
7671290
7671291
7671292
7671293
7671294
7671295
7671296
7671297
7671298
7671299
7671300
7671301
7671302
7671303
7671304
7671305
7671306
7671307
7671308
7671309
7671310
7671311
7671312
7671313
7671314
7671315
7671316
7671317
7671318
7671319
7671320
7671321
7671322
7671323
7671324
7671325
7671326
7671327
7671328
7671329
7671330
7671331
7671332
7671333
7671334
7671335
7671336
7671337
7671338
7671339
7671340
7671341
7671342
7671343
7671344
7671345
7671346
7671347
7671348
7671349
7671350
7671351
7671352
7671353
7671354
7671355
7671356
7671357
7671358
7671359
7671368
7672906
7673493
7673494
7673495
7673496
7673926
7673927
7673928
7673929
7673930
7673931
7673932
7673933
7682682
7682683
7683069
7683210
7683211
7683213
7683214
7683215
7683216
7683217
7683218
7683219
7683220
7683221
7683222
7683223
7683224
7683225
7683226
7683227
7683228
7683229
7683230
7683231
7683232
7683233
7683234
7683235
7683236
7683237
7683238
7683239
7683240
7683241
7683242
7683243
7683244
7683245
7683246
7683247
7683248
7683249
7683250
7683251
7683252
7683253
7683254
7683255
7683256
7683257
7683286
7683287
7683288
7683289
7683290
7683291
7683292
7683293
7683294
7683295
7683296
7683297
7683304
7683305
7683306
7683307
7683308
7683309
7683310
7683311
7683312
7683313
7683438
7683439
7683440
7683442
7683443
7683444
7683445
7683446
7683447
7683448
7683449
7683450
7683451
7683452
7683453
7683454
7683455
7683456
7683457
7683458
7683459
7683460
7683461
7683462
7683463
7683464
7683465
7683466
7683467
7683490
7683543
7683757
7683758
7683759
7683760
7683848
7683849
7683850
7683851
7683852
7683853
7683854
7683855
7683856
7683857
7683858
7683859
7683860
7683861
7683862
7683863
7683864
7683865
7683866
7683867
7683868
7683869
7683870
7683871
7683872
7683873
7683874
7683875
7683876
7683877
7683878
7683879
7683880
7683881
7683882
7683883
7683884
7683885
7683886
7683887
7683888
7683889
7683890
7683891
7683892
7684014
7684028
7684715
7684716
7684717
7684757
7684761
7684886
7684887
7685065
7685066
7685123
7685124
7685164
7685242
7685243
7685812
7685911
7685912
7686122
7686396
7686638
7686955
7687088
7687089
7687090
7687377
7687378
7687379
7687380
7688276
7688277
7688278
7688279
7688509
7688542
7689588
7689589
7689590
7689591
7689592
7689593
7689594
7689595
7689596
7689597
7689598
7689599
7689600
7689601
7689602
7689603
7689604
7689605
7689606
7689607
7689608
7689609
7689610
7689611
7689612
7689613
7689614
7689615
7689616
7689617
7689618
7689619
7689620
7689621
7689622
7689623
7689624
7689625
7689626
7689627
7689628
7689629
7689630
7689631
7689632
7689633
7689634
7689635
7689636
7689637
7689638
7689639
7689640
7689641
7689642
7689644
7689645
7689646
7689647
7689648
7689649
7689650
7689651
7689652
7689653
7689654
7689655
7689656
7689657
7689658
7689659
7689661
7689669
7697816
7697817
7697818
7697819
7698149
7698150
7698151
7698190
7698191
7698214
7698215
7698222
7698223
7698356
7698386
7698387
7698388
7698389
7698390
7698391
7698392
7698393
7698394
7698395
7698396
7698397
7698398
7698399
7698400
7698401
7698402
7698403
7698404
7698405
7698406
7698407
7698408
7698409
7698410
7698411
7698412
7698413
7698414
7698415
7698416
7698417
7698418
7698419
7698524
7698525
7698526
7698528
7698548
7698549
7698550
7698551
7698580
7698581
7698582
7698583
7698584
7698585
7698586
7698587
7698588
7698589
7698590
7698591
7698592
7698593
7698594
7698595
7698596
7698597
7698598
7698599
7698600
7698601
7698602
7698603
7698604
7698605
7698606
7698607
7698608
7698609
7698610
7698611
7698612
7698613
7698614
7698615
7698616
7698617
7698618
7698619
7698620
7698621
7698622
7698623
7698624
7698625
7698626
7698627
7698628
7698629
7698630
7698631
7698632
7698633
7698634
7698635
7698636
7698637
7698638
7698639
7698640
7698641
7698642
7698643
7698644
7698645
7698646
7698647
7698648
7698649
7698650
7698651
7698652
7698653
7698654
7698662
7698821
7698822
7698823
7698824
7698825
7698826
7698827
7698828
7698829
7698830
7698831
7698832
7698833
7698834
7698915
7698916
7698917
7698918
7698919
7698920
7698921
7698922
7698923
7698924
7698925
7698927
7698928
7698929
7698930
7698931
7698932
7698947
7699034
7699522
7700348
7700349
7700517
7700518
7700519
7700520
7700521
7700602
7700631
7700893
7700894
7700895
7700896
7701017
7701072
7701105
7701441
7701586
7701587
7701588
7701589
7701590
7701591
7701592
7701593
7701732
7701733
7701734
7701735
7701756
7701920
7701926
7701927
7701928
7701929
7701930
7701931
7701932
7701933
7701934
7701935
7701936
7701937
7701938
7701939
7701940
7701941
7701942
7701943
7701944
7701945
7701946
7701947
7701948
7701949
7701950
7701951
7701952
7701953
7701954
7701955
7701956
7701957
7701958
7701959
7701960
7701961
7701962
7701963
7701964
7701965
7701966
7701967
7701968
7701969
7701970
7701971
7701972
7701973
7701974
7701975
7701976
7701977
7701978
7701979
7701980
7701981
7701982
7701983
7701984
7701985
7701987
7701988
7701989
7701990
7701991
7701992
7701993
7701994
7701995
7701997
7701998
7701999
7702000
7702001
7702002
7702003
7702004
7702005
7702006
7702007
7702008
7702009
7702010
7702011
7702012
7702013
7702233
7702234
7702581
7704049
7704154
7704155
7714311
7714312
7714313
7714314
7714315
7714316
7714317
7714318
7714319
7714405
7714406
7714407
7714408
7714409
7714410
7714411
7714412
7714413
7714414
7714415
7714416
7714417
7714418
7714563
7714594
7714621
7714622
7714625
7714626
7714627
7714628
7714629
7714630
7714631
7714632
7714633
7714634
7714635
7714636
7714637
7714638
7714682
7714749
7714750
7714751
7714752
7714753
7714754
7714755
7714756
7714757
7714758
7714759
7714760
7714761
7714762
7714763
7714764
7714765
7714766
7714767
7714768
7714769
7714770
7714771
7714772
7714773
7714774
7714775
7714776
7714777
7714778
7714779
7714780
7714781
7714782
7714783
7714784
7714785
7714786
7714787
7714788
7714789
7714790
7714791
7714792
7714793
7715081
7715082
7715091
7715092
7715093
7715094
7715095
7715185
7715186
7715187
7715188
7715189
7715190
7715191
7715192
7715193
7715194
7715195
7715196
7715197
7715198
7715199
7715200
7715201
7715202
7715203
7715297
7715298
7715299
7715300
7715301
7715302
7715303
7715304
7715305
7715306
7715823
7715824
7716003
7716005
7716006
7717044
7717045
7717098
7717231
7717232
7717233
7717301
7717453
7717521
7717700
7718122
7718509
7718510
7718511
7718512
7718513
7718514
7718515
7718516
7718517
7718518
7718519
7718520
7718521
7718522
7718523
7718524
7718525
7718526
7718527
7718830
7718831
7718832
7718833
7718834
7718835
7718869
7718872
7718873
7719073
7719233
7719299
7719300
7719380
7719381
7722053
7722054
7722055
7722056
7733432
7733433
7733434
7733435
7733436
7733437
7733438
7733439
7733440
7733441
7733442
7733443
7733444
7733445
7733446
7733447
7733448
7733449
7733450
7733451
7733452
7733453
7733454
7733455
7733456
7733457
7733458
7733461
7733462
7733463
7733464
7733465
7733466
7733467
7733468
7733469
7733470
7733471
7733472
7733473
7733474
7733475
7733476
7733477
7733478
7733479
7733480
7733481
7733482
7733483
7733484
7733485
7733486
7733487
7733488
7733489
7733490
7733491
7733492
7733493
7733494
7733495
7733496
7733497
7733498
7733499
7733500
7733501
7733502
7733503
7733504
7733505
7733506
7733507
7733508
7733509
7733510
7733511
7733512
7733513
7733514
7733515
7733516
7733517
7733518
7733519
7733520
7733521
7733522
7733523
7733524
7733525
7733526
7733530
7733531
7733532
7733533
7733714
7733731
7733732
7733733
7733734
7733735
7733736
7733737
7733738
7733739
7733740
7733741
7733742
7733743
7733744
7733867
7733868
7733870
7733871
7733872
7733873
7733874
7733875
7733876
7733877
7733878
7733879
7733880
7733881
7733882
7733883
7733884
7733885
7733886
7733887
7733888
7733889
7733890
7733891
7733892
7733893
7733894
7733895
7733896
7733897
7733898
7733899
7733900
7733901
7733902
7733903
7733904
7733905
7733906
7733907
7733908
7733909
7733910
7733911
7733912
7733913
7733914
7733915
7733916
7733917
7733918
7733971
7733972
7733973
7733974
7733975
7733976
7733977
7733978
7733979
7733980
7733981
7733982
7733983
7733984
7733985
7733986
7733987
7733988
7733989
7733990
7734240
7734272
7734273
7734274
7734275
7734276
7734277
7734278
7734279
7734280
7734281
7734282
7734283
7734284
7734285
7734286
7734287
7734288
7734289
7734290
7734291
7734434
7734435
7734436
7734437
7734438
7734439
7734440
7734441
7734442
7734443
7734527
7734528
7734529
7734530
7734531
7734532
7734533
7734534
7734535
7734536
7734537
7734538
7734539
7734540
7734541
7734542
7734543
7734544
7734545
7734546
7734547
7734548
7734549
7734550
7734551
7734552
7734553
7734554
7734555
7734556
7734557
7734558
7734559
7734560
7734561
7734562
7734563
7734564
7734565
7734566
7734567
7734568
7734569
7734570
7734571
7734572
7734573
7734574
7734575
7734576
7734577
7734578
7734579
7734580
7734581
7734582
7734583
7734584
7734599
7735890
7735891
7735892
7735893
7735894
7735895
7735896
7735897
7735898
7735899
7736476
7736715
7736726
7737020
7737021
7737022
7737023
7737046
7737047
7737381
7737931
7737932
7737933
7737934
7737935
7737936
7737937
7737938
7737998
7738031
7738655
7738755
7738756
7738757
7738769
7738909
7739181
7741921
7741922
7741923
7742091
7742092
7742093
7742094
7742095
7742096
7742097
7742098
7742099
7742100
7742101
7742102
7742103
7742104
7742105
7742106
7742107
7742108
7742109
7742110
7742111
7742112
7742113
7742114
7742115
7742116
7742117
7742118
7742119
7742120
7742121
7742122
7742123
7742124
7742125
7742126
7742127
7742128
7742129
7742130
7742131
7742132
7742133
7742134
7742135
7742136
7742137
7742138
7742139
7742140
7742141
7742142
7742143
7742144
7742145
7742146
7742147
7742148
7742149
7742150
7742151
7742152
7742153
7742154
7742155
7742156
7742157
7742158
7742159
7742160
7742161
7742162
7742163
7742164
7742165
7742166
7742167
7742168
7742169
7742170
7742171
7742172
7742173
7742174
7743096
7754284
7754285
7754286
7754287
7754288
7754289
7754290
7754291
7754292
7754293
7754294
7754295
7754296
7754297
7754298
7754299
7754300
7754301
7754302
7754303
7754304
7754305
7754306
7754307
7754308
7754309
7754377
7754378
7754379
7754380
7754381
7754382
7754519
7754520
7754521
7754522
7754523
7754524
7754525
7754526
7754527
7754528
7754529
7754530
7754531
7754532
7754533
7754534
7754535
7754536
7754537
7754538
7754539
7754540
7754541
7754542
7754543
7754544
7754545
7754546
7754547
7754548
7754549
7754550
7754551
7754552
7754553
7754554
7754555
7754556
7754557
7754558
7754559
7754560
7754561
7754562
7754563
7754564
7754611
7754656
7754657
7754739
7754740
7754741
7754742
7754743
7754744
7754745
7754746
7754747
7754748
7754749
7754750
7754751
7754752
7754753
7754754
7754755
7754756
7754757
7754758
7754759
7754760
7754761
7754762
7754763
7754764
7754765
7754766
7754767
7754768
7754769
7754770
7754771
7754772
7754773
7754774
7754775
7754776
7754777
7754778
7754779
7754780
7754781
7754782
7754783
7754784
7754785
7754786
7754787
7754788
7754789
7754790
7754791
7754792
7754793
7754794
7754795
7754796
7754797
7754798
7754799
7754800
7754849
7754850
7754851
7754852
7754853
7754854
7754855
7754856
7754857
7754858
7754859
7755217
7755218
7755219
7755220
7755221
7755222
7755223
7755224
7755225
7755226
7755227
7755228
7755229
7755230
7755231
7755232
7755233
7755234
7755235
7755236
7755237
7755238
7755239
7755240
7755241
7755242
7755406
7755407
7755408
7755409
7755410
7755411
7755412
7755413
7755784
7755999
7756005
7756006
7756007
7756008
7756009
7756010
7756011
7756012
7756013
7756014
7756015
7756016
7756017
7756018
7756019
7756020
7756021
7756022
7756023
7756024
7756025
7756026
7756027
7756028
7756029
7756030
7756031
7756032
7756033
7756034
7756035
7756036
7756037
7756038
7756040
7756041
7756042
7756043
7756044
7756045
7756046
7756047
7756048
7756049
7756050
7756051
7756052
7756053
7756054
7756055
7756056
7756057
7756058
7756059
7756060
7756061
7756062
7756063
7756064
7756065
7756066
7756067
7756068
7756069
7756070
7756071
7756072
7756073
7756074
7756075
7756076
7756077
7756078
7756079
7756080
7756081
7756082
7756083
7756084
7756085
7756086
7756087
7756088
7756090
7756092
7756093
7756094
7756095
7756096
7756097
7756098
7756099
7756100
7756101
7756102
7756103
7756104
7756105
7756106
7756107
7756108
7756109
7756110
7756111
7756842
7756909
7757326
7757332
7757799
7758170
7758183
7758184
7758185
7758186
7758187
7758188
7758189
7758190
7758191
7758192
7758193
7758194
7758195
7758196
7758197
7758198
7758199
7759665
7759666
7759962
7759963
7759964
7759965
7759966
7759967
7759968
7762802
7776231
7792932
7792933
7792934
7792935
7793765
7793766
7793767
7793768
7793769
7793770
7793771
7793772
7793773
7793774
7793839
7793840
7794027
7794028
7794029
7794030
7794031
7794032
7794033
7794034
7794035
7794036
7794037
7794038
7794039
7794041
7794042
7794043
7794044
7794045
7794046
7794047
7794048
7794049
7794050
7794051
7794052
7794053
7794181
7794182
7794185
7794186
7794195
7794196
7794596
7794597
7794598
7795103
7795131
7795400
7795401
7795402
7795403
7795404
7795405
7795406
7795407
7795409
7795410
7795411
7795412
7795413
7795414
7795415
7795416
7795417
7795418
7795419
7795420
7795421
7795422
7795423
7795424
7795425
7795426
7795427
7795428
7795429
7795430
7795431
7795432
7795433
7795434
7795435
7795436
7795437
7795438
7795439
7795440
7795441
7795442
7795443
7795444
7795445
7795446
7795447
7795448
7795449
7795450
7795451
7795452
7795453
7795454
7795455
7795456
7795457
7795459
7795460
7795461
7795462
7795463
7795464
7795465
7795466
7795467
7795468
7795469
7795470
7795471
7795472
7795473
7795474
7795475
7795476
7795477
7795478
7795479
7795480
7795481
7795482
7795483
7795484
7795485
7795486
7795487
7795488
7795489
7795490
7795491
7795492
7795493
7795494
7795495
7795496
7795497
7795498
7795499
7795500
7795501
7795502
7795503
7795504
7795505
7795506
7795507
7795508
7795509
7795510
7795511
7795512
7795513
7795514
7795515
7795516
7795517
7795518
7795519
7795520
7795521
7795522
7795523
7795524
7795525
7795526
7795527
7795528
7795529
7795530
7795531
7795532
7795533
7795534
7795535
7795536
7795537
7795538
7795539
7795540
7795541
7795542
7795543
7795544
7795545
7795641
7795642
7795643
7795644
7795645
7795646
7795647
7795648
7795649
7795650
7795651
7795652
7795653
7795654
7795655
7795656
7795657
7795658
7795659
7795660
7795661
7795662
7795663
7795664
7795665
7795666
7795667
7795668
7795669
7795670
7795671
7795672
7795673
7795674
7795675
7795676
7795677
7795678
7795679
7795680
7795681
7795682
7795683
7795684
7795685
7795686
7795687
7795688
7795689
7795690
7795691
7795692
7795693
7795694
7795695
7795696
7795697
7795698
7795699
7795700
7795701
7795702
7795703
7795704
7795705
7795706
7795707
7795708
7795709
7795710
7795711
7795712
7795713
7795714
7795715
7795716
7795717
7795718
7795719
7795720
7795721
7795722
7795723
7795724
7795725
7795726
7795727
7795728
7795729
7795730
7795731
7795732
7795733
7795734
7795735
7795736
7795737
7795738
7795739
7795740
7795741
7795742
7795743
7795744
7795745
7795746
7795747
7795748
7795749
7795750
7795751
7795752
7795753
7795754
7795755
7795756
7795757
7795758
7795759
7795760
7795799
7795800
7795801
7795802
7795803
7795804
7795805
7795806
7795807
7795808
7795809
7795810
7795811
7795812
7795813
7795814
7795815
7795816
7795817
7795818
7795819
7795820
7795821
7795822
7795823
7795824
7795825
7795826
7795827
7795828
7795829
7795892
7796041
7796042
7796043
7796044
7796045
7796046
7796047
7796048
7796049
7796050
7796051
7796052
7796053
7796054
7796055
7796353
7796354
7796355
7796356
7796357
7796358
7796366
7796367
7796368
7796369
7796370
7796371
7796372
7796373
7796374
7796375
7796376
7796377
7796378
7796379
7796380
7796381
7796382
7796383
7796384
7796385
7796386
7796387
7796388
7796389
7796390
7796391
7796392
7796393
7796394
7796395
7796396
7796397
7796398
7796399
7796400
7796401
7796402
7796403
7796404
7796405
7796406
7796407
7796408
7796409
7796410
7796411
7796412
7796413
7796659
7796660
7796661
7796662
7796663
7796664
7796665
7796666
7796667
7796668
7796669
7796670
7796671
7796672
7796673
7796674
7796675
7796676
7796677
7796678
7796679
7796680
7796681
7796682
7796683
7796684
7796685
7796686
7796687
7796688
7796689
7796690
7796691
7796692
7796693
7796694
7796695
7796696
7796697
7796698
7796699
7796700
7796701
7796702
7796703
7796704
7796705
7796706
7796707
7796708
7796709
7796710
7796711
7796712
7796713
7796714
7796715
7796716
7796717
7796718
7796719
7796720
7796721
7796722
7796723
7796724
7796725
7796726
7796727
7796728
7796729
7796730
7796731
7796732
7798351
7798410
7798411
7798412
7798413
7799261
7799262
7799520
7799521
7799522
7799523
7799524
7799525
7799526
7799527
7799528
7799529
7799530
7799531
7799532
7799533
7799534
7799535
7799536
7799537
7799538
7799539
7799540
7799541
7799556
7799677
7799961
7800093
7800094
7800222
7800266
7800267
7800268
7800269
7800270
7800271
7800272
7800273
7800274
7800275
7800276
7800277
7800278
7800279
7800280
7800302
7800303
7800304
7800305
7800306
7800307
7800308
7800402
7800706
7800707
7800708
7800709
7800710
7800711
7800712
7800713
7800714
7800715
7800716
7800717
7800718
7800719
7800720
7800721
7800722
7800723
7800724
7800725
7800726
7800727
7800728
7800729
7800730
7800731
7800732
7800733
7800734
7800735
7800736
7800737
7800738
7800739
7800740
7800741
7800742
7800743
7800744
7800745
7800746
7800747
7800748
7800749
7800750
7800752
7800753
7800754
7800755
7800756
7800757
7800758
7800759
7800760
7800761
7800762
7800763
7800764
7800765
7800766
7800767
7800768
7800769
7800770
7800771
7800772
7800773
7800774
7800775
7800776
7800777
7800778
7800779
7800780
7800781
7800782
7800783
7800784
7800785
7800786
7800787
7800788
7800789
7800790
7800791
7800792
7800793
7800794
7800795
7800796
7800797
7800798
7800799
7800800
7800801
7800802
7800803
7800804
7800805
7800806
7800807
7800808
7800809
7800810
7800811
7800812
7800814
7800815
7800816
7800817
7800818
7800819
7800820
7800821
7800822
7800823
7800824
7800825
7800826
7800827
7800828
7800829
7800830
7800831
7800832
7800833
7800834
7800835
7800836
7800837
7800838
7800839
7800840
7800841
7800842
7800843
7800844
7800845
7800846
7800847
7800848
7800849
7800850
7800851
7800852
7800853
7800854
7800855
7800856
7800857
7800858
7800859
7800860
7800861
7800862
7800863
7800864
7800865
7800866
7800867
7800868
7800869
7800870
7800871
7800872
7800873
7800874
7800875
7800876
7800877
7800878
7800879
7800880
7800881
7800882
7800883
7800884
7800885
7800886
7800887
7800888
7800889
7800890
7800891
7800892
7800893
7800894
7800895
7800896
7800897
7800898
7800899
7800900
7800901
7800902
7800903
7800904
7800906
7800907
7800908
7800909
7800910
7800911
7800912
7800913
7800914
7800915
7800916
7800917
7800918
7800919
7800920
7800921
7800922
7800923
7800924
7800925
7800926
7800927
7800971
7801594
7817364
7821667
7857164
7974417
7994353
7997554
8000841
8047845
8154534
8157751
8179986
8184693
8210610
8211614
8319848
8375432
8411522
8436717
8581843
9056467
9375521
9377186
9474260
9474403
9496446
9496678
9501049
9504164
9621350
